REPORT VACCINO
==================

Simulazione: simulation_10000_3_365_-1_-1___20261005_172047
Popolazione iniziale di anziani: 3000

1. VACCINATION COVERAGE
Coverage target: 0.5500
Effettiva coverage finale: 0.5483
Totale di anziani vaccinati almeno una volta: 1645

2. TARGET COVERAGE DAY
Target coverage raggiunta: NO
Giorno atteso di fine campagna vaccinale: 147

3. VACCINAZIONI GIORNALIERE
Media vaccinazioni durante la campagna vaccinale: 19.58
Frazione media di anziani vaccinati durante la campagna: 0.0065 (0.65%)
Cap giornaliero: 0.0100 (1.00%)
Cap espresso in individui: 30

4. DURATA DEL VACCINO
Durata attesa: 210.00 days
Media delle durate assegnate: 210.04 days
Durata minima assegnata: 207 days
Durata massima assegnata: 213 days

5. STATO DEGLI ANZIANI DURANTE LA CAMPAGNA VACCINALE
Day | Healthy | Incubation | Infected | Recovered | Healthy unvaccinated | Recovered unvaccinated | Cumulative vaccinated
----|---------|------------|----------|-----------|----------------------|-----------------------
 64 |    1067 |        154 |     1177 |       598 |                 1067 |                   598
                   27
 65 |    1021 |        141 |     1199 |       635 |                 1006 |                   626
                   54
 66 |     960 |        153 |     1208 |       675 |                  929 |                   657
                   81
 67 |     908 |        165 |     1207 |       716 |                  860 |                   689
                  108
 68 |     850 |        174 |     1211 |       761 |                  789 |                   724
                  135
 69 |     786 |        181 |     1212 |       817 |                  718 |                   765
                  162
 70 |     747 |        174 |     1223 |       852 |                  670 |                   787
                  189
 71 |     720 |        141 |     1233 |       901 |                  636 |                   819
                  216
 72 |     678 |        118 |     1252 |       946 |                  594 |                   844
                  243
 73 |     642 |        114 |     1251 |       987 |                  551 |                   870
                  270
 74 |     598 |        129 |     1243 |      1024 |                  501 |                   893
                  297
 75 |     562 |        124 |     1217 |      1091 |                  459 |                   944
                  324
 76 |     522 |        127 |     1197 |      1148 |                  422 |                   982
                  351
 77 |     489 |        121 |     1174 |      1210 |                  389 |                  1026
                  378
 78 |     471 |         97 |     1162 |      1263 |                  369 |                  1056
                  405
 79 |     448 |         80 |     1143 |      1322 |                  344 |                  1096
                  432
 80 |     423 |         68 |     1127 |      1375 |                  319 |                  1129
                  459
 81 |     407 |         67 |     1094 |      1424 |                  305 |                  1156
                  486
 82 |     381 |         74 |     1049 |      1487 |                  282 |                  1197
                  513
 83 |     362 |         68 |     1018 |      1543 |                  266 |                  1229
                  540
 84 |     348 |         64 |      977 |      1602 |                  250 |                  1266
                  567
 85 |     336 |         47 |      946 |      1662 |                  237 |                  1303
                  594
 86 |     323 |         44 |      912 |      1712 |                  220 |                  1333
                  621
 87 |     312 |         37 |      885 |      1757 |                  209 |                  1353
                  648
 88 |     303 |         36 |      851 |      1801 |                  197 |                  1374
                  675
 89 |     290 |         39 |      814 |      1848 |                  186 |                  1396
                  702
 90 |     282 |         32 |      774 |      1903 |                  177 |                  1425
                  729
 91 |     276 |         28 |      738 |      1949 |                  170 |                  1444
                  756
 92 |     268 |         24 |      693 |      2006 |                  162 |                  1470
                  783
 93 |     265 |         20 |      655 |      2051 |                  160 |                  1487
                  810
 94 |     259 |         19 |      607 |      2106 |                  155 |                  1512
                  837
 95 |     255 |         14 |      566 |      2156 |                  148 |                  1537
                  864
 96 |     248 |         17 |      523 |      2203 |                  139 |                  1561
                  891
 97 |     242 |         19 |      478 |      2252 |                  135 |                  1577
                  918
 98 |     235 |         20 |      446 |      2290 |                  123 |                  1589
                  945
 99 |     229 |         21 |      416 |      2325 |                  118 |                  1592
                  972
100 |     226 |         17 |      391 |      2357 |                  116 |                  1594
                  999
101 |     223 |         13 |      356 |      2399 |                  114 |                  1603
                 1026
102 |     222 |          8 |      332 |      2429 |                  113 |                  1604
                 1053
103 |     221 |          6 |      316 |      2448 |                  111 |                  1594
                 1080
104 |     215 |          8 |      290 |      2478 |                  106 |                  1597
                 1107
105 |     212 |          9 |      271 |      2499 |                  103 |                  1587
                 1134
106 |     211 |         10 |      247 |      2523 |                  101 |                  1582
                 1161
107 |     210 |          6 |      225 |      2550 |                  101 |                  1575
                 1188
108 |     206 |          7 |      208 |      2570 |                   99 |                  1563
                 1215
109 |     206 |          6 |      182 |      2597 |                   96 |                  1556
                 1242
110 |     204 |          6 |      169 |      2612 |                   91 |                  1546
                 1269
111 |     200 |          6 |      163 |      2622 |                   86 |                  1530
                 1296
112 |     199 |          7 |      154 |      2631 |                   82 |                  1515
                 1323
113 |     198 |          6 |      140 |      2647 |                   82 |                  1498
                 1350
114 |     197 |          4 |      130 |      2660 |                   78 |                  1484
                 1377
115 |     195 |          5 |      123 |      2668 |                   77 |                  1461
                 1404
116 |     195 |          4 |      114 |      2678 |                   76 |                  1441
                 1431
117 |     194 |          3 |      107 |      2687 |                   74 |                  1419
                 1458
118 |     193 |          3 |      103 |      2692 |                   71 |                  1399
                 1485
119 |     193 |          2 |       90 |      2706 |                   68 |                  1383
                 1512
120 |     192 |          3 |       83 |      2713 |                   67 |                  1362
                 1539
121 |     191 |          2 |       79 |      2719 |                   66 |                  1340
                 1566
122 |     190 |          3 |       70 |      2728 |                   65 |                  1322
                 1593
123 |     190 |          2 |       64 |      2735 |                   65 |                  1299
                 1620
124 |     190 |          1 |       56 |      2744 |                   65 |                  1280
                 1645
125 |     188 |          3 |       52 |      2748 |                   61 |                  1261
                 1645
126 |     188 |          2 |       50 |      2751 |                   61 |                  1262
                 1645
127 |     188 |          2 |       43 |      2758 |                   61 |                  1264
                 1645
128 |     188 |          0 |       43 |      2760 |                   61 |                  1265
                 1645
129 |     188 |          0 |       41 |      2762 |                   61 |                  1267
                 1645
130 |     187 |          1 |       41 |      2762 |                   60 |                  1267
                 1645
131 |     186 |          2 |       38 |      2765 |                   60 |                  1268
                 1645
132 |     186 |          2 |       34 |      2769 |                   60 |                  1270
                 1645
133 |     186 |          1 |       31 |      2773 |                   60 |                  1273
                 1645
134 |     186 |          0 |       27 |      2778 |                   60 |                  1276
                 1645
135 |     186 |          0 |       23 |      2782 |                   60 |                  1277
                 1645
136 |     186 |          0 |       21 |      2784 |                   60 |                  1278
                 1645
137 |     186 |          0 |       20 |      2785 |                   60 |                  1279
                 1645
138 |     186 |          0 |       20 |      2785 |                   60 |                  1279
                 1645
139 |     186 |          0 |       17 |      2788 |                   60 |                  1281
                 1645
140 |     184 |          2 |       16 |      2789 |                   60 |                  1281
                 1645
141 |     183 |          3 |       14 |      2791 |                   60 |                  1281
                 1645
142 |     183 |          3 |       12 |      2793 |                   60 |                  1281
                 1645
143 |     183 |          2 |        9 |      2797 |                   60 |                  1283
                 1645
144 |     182 |          2 |        9 |      2798 |                   60 |                  1283
                 1645
145 |     182 |          1 |       10 |      2798 |                   60 |                  1283
                 1645
146 |     182 |          1 |        9 |      2799 |                   60 |                  1284
                 1645
147 |     182 |          0 |       10 |      2799 |                   60 |                  1284
                 1645
