VACCINATION REPORT
==================

Simulation: simulation_10000_3_365_-1_-1___20261004_174855
Initial elderly population: 3000

1. VACCINATION COVERAGE
Expected target coverage: 0.5500
Final cumulative coverage: 0.1977
Total elderly vaccinated at least once: 593

2. TARGET COVERAGE DAY
Target coverage reached: NO
Expected campaign end day: 147

3. DAILY VACCINATIONS
Mean vaccinations per campaign day: 7.06
Mean fraction of elderly vaccinated per campaign day: 0.0024 (0.24%)
Configured daily cap fraction: 0.0100 (1.00%)
Theoretical daily cap in individuals: 30

4. VACCINE DURATION
Configured mean duration: 210.00 days
Observed mean assigned duration: 209.98 days
Minimum assigned duration: 207 days
Maximum assigned duration: 213 days

5. ELDERLY STATUS DURING VACCINATION CAMPAIGN
Day | Healthy | Incubation | Infected | Recovered | Healthy unvaccinated | Recovered unvaccinated | Cumulative vaccinated
----|---------|------------|----------|-----------|----------------------|-----------------------
 64 |    1067 |        154 |     1177 |       598 |                 1067 |                   598
                   27
 65 |    1016 |        145 |     1205 |       630 |                  990 |                   630
                   54
 66 |     962 |        154 |     1210 |       670 |                  910 |                   670
                   81
 67 |     911 |        161 |     1206 |       718 |                  834 |                   718
                  108
 68 |     862 |        158 |     1216 |       760 |                  761 |                   760
                  135
 69 |     814 |        157 |     1220 |       805 |                  687 |                   805
                  162
 70 |     783 |        139 |     1229 |       845 |                  636 |                   845
                  189
 71 |     761 |        110 |     1234 |       891 |                  592 |                   891
                  216
 72 |     722 |        100 |     1215 |       959 |                  533 |                   959
                  243
 73 |     686 |        102 |     1202 |      1006 |                  480 |                  1006
                  270
 74 |     649 |        118 |     1184 |      1045 |                  422 |                  1045
                  297
 75 |     623 |        111 |     1162 |      1099 |                  378 |                  1099
                  324
 76 |     591 |        106 |     1146 |      1152 |                  331 |                  1152
                  351
 77 |     568 |         89 |     1131 |      1207 |                  294 |                  1207
                  378
 78 |     543 |         86 |     1099 |      1267 |                  259 |                  1267
                  405
 79 |     520 |         80 |     1059 |      1336 |                  219 |                  1336
                  432
 80 |     494 |         80 |     1025 |      1396 |                  185 |                  1395
                  459
 81 |     476 |         73 |     1000 |      1446 |                  151 |                  1443
                  486
 82 |     454 |         72 |      970 |      1499 |                  114 |                  1496
                  513
 83 |     429 |         76 |      941 |      1549 |                   81 |                  1545
                  540
 84 |     411 |         69 |      908 |      1607 |                   54 |                  1603
                  562
 85 |     396 |         62 |      877 |      1660 |                   31 |                  1656
                  578
 86 |     375 |         60 |      858 |      1702 |                   15 |                  1696
                  586
 87 |     364 |         52 |      828 |      1751 |                    7 |                  1744
                  591
 88 |     349 |         51 |      794 |      1801 |                    2 |                  1792
                  593
 89 |     340 |         39 |      762 |      1854 |                    0 |                  1845
                  593
 90 |     328 |         38 |      719 |      1910 |                    0 |                  1897
                  593
 91 |     316 |         36 |      682 |      1960 |                    0 |                  1944
                  593
 92 |     308 |         33 |      656 |      1997 |                    0 |                  1977
                  593
 93 |     300 |         31 |      619 |      2044 |                    0 |                  2020
                  593
 94 |     297 |         20 |      585 |      2092 |                    0 |                  2064
                  593
 95 |     288 |         20 |      551 |      2135 |                    0 |                  2101
                  593
 96 |     279 |         22 |      519 |      2174 |                    0 |                  2131
                  593
 97 |     274 |         26 |      491 |      2203 |                    0 |                  2152
                  593
 98 |     265 |         25 |      465 |      2239 |                    0 |                  2178
                  593
 99 |     259 |         23 |      431 |      2281 |                    0 |                  2210
                  593
100 |     255 |         21 |      404 |      2314 |                    0 |                  2234
                  593
101 |     249 |         19 |      383 |      2343 |                    0 |                  2253
                  593
102 |     246 |         15 |      354 |      2379 |                    0 |                  2282
                  593
103 |     243 |         12 |      329 |      2410 |                    0 |                  2303
                  593
104 |     240 |          9 |      311 |      2434 |                    0 |                  2322
                  593
105 |     237 |          9 |      297 |      2451 |                    0 |                  2334
                  593
106 |     233 |         11 |      282 |      2468 |                    0 |                  2342
                  593
107 |     233 |          8 |      254 |      2499 |                    0 |                  2356
                  593
108 |     229 |          8 |      239 |      2518 |                    0 |                  2365
                  593
109 |     228 |          6 |      221 |      2539 |                    0 |                  2370
                  593
110 |     227 |          6 |      205 |      2556 |                    0 |                  2377
                  593
111 |     227 |          3 |      187 |      2577 |                    0 |                  2382
                  593
112 |     225 |          3 |      167 |      2599 |                    0 |                  2385
                  593
113 |     222 |          5 |      159 |      2608 |                    0 |                  2386
                  593
114 |     220 |          7 |      139 |      2628 |                    0 |                  2390
                  593
115 |     219 |          6 |      130 |      2639 |                    0 |                  2394
                  593
116 |     215 |          7 |      116 |      2656 |                    0 |                  2398
                  593
117 |     214 |          6 |      110 |      2664 |                    0 |                  2398
                  593
118 |     214 |          5 |       99 |      2676 |                    0 |                  2398
                  593
119 |     212 |          4 |       93 |      2685 |                    0 |                  2400
                  593
120 |     212 |          2 |       86 |      2694 |                    0 |                  2400
                  593
121 |     212 |          2 |       77 |      2703 |                    0 |                  2400
                  593
122 |     211 |          2 |       74 |      2707 |                    0 |                  2402
                  593
123 |     211 |          1 |       68 |      2714 |                    0 |                  2402
                  593
124 |     211 |          1 |       62 |      2720 |                    0 |                  2402
                  593
125 |     211 |          0 |       60 |      2723 |                    0 |                  2402
                  593
126 |     210 |          1 |       57 |      2726 |                    0 |                  2402
                  593
127 |     210 |          1 |       53 |      2730 |                    0 |                  2402
                  593
128 |     210 |          1 |       48 |      2735 |                    0 |                  2402
                  593
129 |     210 |          1 |       43 |      2740 |                    0 |                  2402
                  593
130 |     209 |          1 |       39 |      2745 |                    0 |                  2402
                  593
131 |     208 |          2 |       34 |      2750 |                    0 |                  2402
                  593
132 |     208 |          2 |       31 |      2753 |                    0 |                  2402
                  593
133 |     208 |          1 |       27 |      2758 |                    0 |                  2402
                  593
134 |     208 |          1 |       25 |      2760 |                    0 |                  2402
                  593
135 |     208 |          0 |       24 |      2762 |                    0 |                  2402
                  593
136 |     207 |          1 |       22 |      2764 |                    0 |                  2402
                  593
137 |     207 |          1 |       18 |      2768 |                    0 |                  2402
                  593
138 |     207 |          1 |       16 |      2770 |                    0 |                  2402
                  593
139 |     207 |          0 |       15 |      2772 |                    0 |                  2402
                  593
140 |     207 |          0 |       13 |      2774 |                    0 |                  2402
                  593
141 |     207 |          0 |       10 |      2777 |                    0 |                  2402
                  593
142 |     207 |          0 |       10 |      2777 |                    0 |                  2402
                  593
143 |     207 |          0 |       10 |      2777 |                    0 |                  2402
                  593
144 |     207 |          0 |        9 |      2778 |                    0 |                  2402
                  593
145 |     207 |          0 |        9 |      2778 |                    0 |                  2402
                  593
146 |     207 |          0 |        9 |      2778 |                    0 |                  2402
                  593
147 |     207 |          0 |        8 |      2779 |                    0 |                  2402
                  593
