REPORT VACCINO
==================

Simulazione: simulation_10000_3_365_-1_-1___20261009_135035
Popolazione iniziale di anziani: 3000

1. VACCINATION COVERAGE
Coverage target: 0.5500
Effettiva coverage finale: 0.5497
Totale di anziani vaccinati almeno una volta: 1649

2. TARGET COVERAGE DAY
Target coverage raggiunta: NO
Giorno atteso di fine campagna vaccinale: 147

3. VACCINAZIONI GIORNALIERE
Media vaccinazioni durante la campagna vaccinale: 16.83
Frazione media di anziani vaccinati durante la campagna: 0.0056 (0.56%)
Cap giornaliero: 0.0100 (1.00%)
Cap espresso in individui: 30

4. DURATA DEL VACCINO
Durata attesa: 210.00 giorni
Media delle durate assegnate: 210.87 giorni
Durata minima assegnata: 131 giorni
Durata massima assegnata: 318 giorni

5. STATO DEGLI ANZIANI DURANTE LA CAMPAGNA VACCINALE
Giorno | Healthy | Incubation | Infected | Recovered | Healthy non vaccinati | Recovered non vaccinati | Vaccinati cumulativi
----|---------|------------|----------|-----------|----------------------|-----------------------
 50 |    1926 |        154 |      681 |       237 |                 1926 |                   237 |                   27
 51 |    1855 |        181 |      704 |       258 |                 1833 |                   256 |                   54
 52 |    1774 |        207 |      741 |       276 |                 1727 |                   272 |                   81
 53 |    1708 |        227 |      763 |       300 |                 1642 |                   291 |                  108
 54 |    1610 |        259 |      813 |       316 |                 1526 |                   305 |                  135
 55 |    1544 |        245 |      868 |       341 |                 1440 |                   327 |                  162
 56 |    1490 |        234 |      909 |       365 |                 1366 |                   348 |                  189
 57 |    1437 |        191 |      973 |       397 |                 1298 |                   374 |                  216
 58 |    1371 |        192 |     1007 |       428 |                 1214 |                   400 |                  243
 59 |    1316 |        182 |     1042 |       458 |                 1147 |                   422 |                  270
 60 |    1252 |        196 |     1061 |       489 |                 1070 |                   445 |                  297
 61 |    1173 |        214 |     1083 |       528 |                  982 |                   478 |                  324
 62 |    1100 |        221 |     1112 |       565 |                  901 |                   509 |                  351
 63 |    1056 |        205 |     1139 |       598 |                  856 |                   528 |                  378
 64 |    1017 |        172 |     1179 |       630 |                  806 |                   555 |                  405
 65 |     960 |        158 |     1219 |       661 |                  741 |                   577 |                  432
 66 |     901 |        164 |     1231 |       701 |                  677 |                   605 |                  459
 67 |     856 |        170 |     1238 |       733 |                  631 |                   624 |                  486
 68 |     817 |        155 |     1249 |       776 |                  586 |                   653 |                  513
 69 |     770 |        144 |     1264 |       819 |                  542 |                   681 |                  540
 70 |     742 |        123 |     1266 |       866 |                  509 |                   712 |                  567
 71 |     718 |        108 |     1265 |       906 |                  483 |                   731 |                  594
 72 |     675 |        108 |     1270 |       944 |                  437 |                   753 |                  621
 73 |     644 |        105 |     1243 |      1004 |                  417 |                   790 |                  648
 74 |     615 |        107 |     1213 |      1061 |                  387 |                   829 |                  675
 75 |     571 |        113 |     1201 |      1111 |                  351 |                   857 |                  702
 76 |     543 |        102 |     1182 |      1169 |                  323 |                   895 |                  729
 77 |     526 |         96 |     1157 |      1217 |                  303 |                   924 |                  756
 78 |     505 |         73 |     1140 |      1278 |                  285 |                   962 |                  783
 79 |     486 |         62 |     1118 |      1330 |                  270 |                   989 |                  810
 80 |     465 |         68 |     1071 |      1392 |                  253 |                  1023 |                  837
 81 |     445 |         63 |     1039 |      1449 |                  240 |                  1055 |                  864
 82 |     424 |         65 |      994 |      1513 |                  221 |                  1094 |                  891
 83 |     400 |         67 |      954 |      1575 |                  206 |                  1127 |                  918
 84 |     390 |         56 |      912 |      1637 |                  187 |                  1165 |                  945
 85 |     382 |         44 |      881 |      1688 |                  180 |                  1188 |                  972
 86 |     360 |         44 |      849 |      1742 |                  169 |                  1213 |                  999
 87 |     348 |         46 |      799 |      1802 |                  162 |                  1234 |                 1026
 88 |     330 |         54 |      757 |      1854 |                  150 |                  1258 |                 1053
 89 |     325 |         41 |      719 |      1910 |                  145 |                  1281 |                 1080
 90 |     306 |         44 |      682 |      1963 |                  131 |                  1308 |                 1107
 91 |     298 |         35 |      658 |      2004 |                  129 |                  1316 |                 1134
 92 |     297 |         30 |      629 |      2038 |                  128 |                  1316 |                 1161
 93 |     289 |         20 |      594 |      2091 |                  119 |                  1335 |                 1188
 94 |     277 |         23 |      573 |      2121 |                  115 |                  1336 |                 1215
 95 |     270 |         28 |      526 |      2170 |                  111 |                  1344 |                 1242
 96 |     262 |         28 |      493 |      2211 |                  104 |                  1348 |                 1269
 97 |     259 |         19 |      463 |      2253 |                  104 |                  1351 |                 1296
 98 |     257 |         14 |      433 |      2290 |                  102 |                  1351 |                 1323
 99 |     255 |          7 |      411 |      2321 |                  100 |                  1348 |                 1350
100 |     249 |         11 |      386 |      2348 |                   98 |                  1344 |                 1377
101 |     246 |         12 |      353 |      2383 |                   96 |                  1337 |                 1404
102 |     244 |         12 |      314 |      2424 |                   91 |                  1343 |                 1431
103 |     242 |          8 |      292 |      2452 |                   88 |                  1338 |                 1458
104 |     237 |         11 |      270 |      2476 |                   82 |                  1334 |                 1485
105 |     235 |          9 |      258 |      2492 |                   77 |                  1316 |                 1512
106 |     235 |          7 |      246 |      2506 |                   76 |                  1295 |                 1539
107 |     232 |          8 |      228 |      2526 |                   72 |                  1281 |                 1566
108 |     230 |          5 |      219 |      2540 |                   70 |                  1265 |                 1593
109 |     228 |          7 |      199 |      2560 |                   70 |                  1246 |                 1620
110 |     226 |          7 |      187 |      2574 |                   69 |                  1226 |                 1646
111 |     222 |          8 |      177 |      2587 |                   66 |                  1209 |                 1649
112 |     220 |          8 |      163 |      2603 |                   66 |                  1213 |                 1649
113 |     219 |          6 |      152 |      2617 |                   66 |                  1216 |                 1649
114 |     219 |          3 |      142 |      2630 |                   66 |                  1222 |                 1649
115 |     219 |          2 |      126 |      2647 |                   66 |                  1233 |                 1649
116 |     217 |          2 |      117 |      2658 |                   65 |                  1240 |                 1649
117 |     216 |          3 |      104 |      2671 |                   65 |                  1248 |                 1649
118 |     214 |          5 |       99 |      2676 |                   65 |                  1249 |                 1649
119 |     213 |          4 |       89 |      2688 |                   65 |                  1252 |                 1649
120 |     211 |          6 |       78 |      2698 |                   64 |                  1257 |                 1649
121 |     211 |          4 |       74 |      2704 |                   64 |                  1258 |                 1649
122 |     211 |          3 |       70 |      2709 |                   64 |                  1261 |                 1649
123 |     210 |          1 |       70 |      2712 |                   64 |                  1261 |                 1649
124 |     209 |          2 |       65 |      2717 |                   63 |                  1262 |                 1649
125 |     208 |          3 |       59 |      2723 |                   63 |                  1264 |                 1649
126 |     208 |          2 |       57 |      2726 |                   63 |                  1265 |                 1649
127 |     208 |          2 |       49 |      2734 |                   63 |                  1268 |                 1649
128 |     208 |          0 |       46 |      2739 |                   63 |                  1269 |                 1649
129 |     208 |          0 |       41 |      2744 |                   63 |                  1269 |                 1649
130 |     208 |          0 |       39 |      2746 |                   63 |                  1271 |                 1649
131 |     208 |          0 |       32 |      2753 |                   63 |                  1273 |                 1649
132 |     208 |          0 |       29 |      2756 |                   63 |                  1273 |                 1649
133 |     208 |          0 |       27 |      2758 |                   63 |                  1274 |                 1649
134 |     207 |          1 |       23 |      2762 |                   63 |                  1277 |                 1649
135 |     206 |          2 |       20 |      2765 |                   63 |                  1278 |                 1649
136 |     206 |          2 |       17 |      2768 |                   63 |                  1278 |                 1649
137 |     206 |          1 |       16 |      2770 |                   63 |                  1278 |                 1649
138 |     206 |          0 |       16 |      2771 |                   63 |                  1279 |                 1649
139 |     205 |          1 |       16 |      2771 |                   62 |                  1279 |                 1649
140 |     205 |          1 |       13 |      2774 |                   62 |                  1279 |                 1649
141 |     205 |          1 |       12 |      2775 |                   62 |                  1279 |                 1649
142 |     205 |          0 |       12 |      2776 |                   62 |                  1279 |                 1649
143 |     205 |          0 |       12 |      2776 |                   62 |                  1279 |                 1649
144 |     205 |          0 |       12 |      2776 |                   62 |                  1279 |                 1649
145 |     205 |          0 |       11 |      2777 |                   62 |                  1280 |                 1649
146 |     204 |          1 |       10 |      2778 |                   62 |                  1281 |                 1649
147 |     204 |          1 |       10 |      2778 |                   62 |                  1281 |                 1649
