REPORT VACCINO
==================

Simulazione: simulation_10000_3_365_-1_-1___20261005_184314
Popolazione iniziale di anziani: 3000

1. VACCINATION COVERAGE
Coverage target: 0.5500
Effettiva coverage finale: 0.5487
Totale di anziani vaccinati almeno una volta: 1646

2. TARGET COVERAGE DAY
Target coverage raggiunta: NO
Giorno atteso di fine campagna vaccinale: 147

3. VACCINAZIONI GIORNALIERE
Media vaccinazioni durante la campagna vaccinale: 16.80
Frazione media di anziani vaccinati durante la campagna: 0.0056 (0.56%)
Cap giornaliero: 0.0100 (1.00%)
Cap espresso in individui: 30

4. DURATA DEL VACCINO
Durata attesa: 210.00 days
Media delle durate assegnate: 210.05 days
Durata minima assegnata: 207 days
Durata massima assegnata: 213 days

5. STATO DEGLI ANZIANI DURANTE LA CAMPAGNA VACCINALE
Day | Healthy | Incubation | Infected | Recovered | Healthy unvaccinated | Recovered unvaccinated | Cumulative vaccinated
----|---------|------------|----------|-----------|----------------------|-----------------------
 50 |    1926 |        154 |      681 |       237 |                 1926 |                   237
                   27
 51 |    1855 |        181 |      704 |       258 |                 1833 |                   256
                   54
 52 |    1774 |        207 |      741 |       276 |                 1727 |                   272
                   81
 53 |    1706 |        228 |      767 |       297 |                 1638 |                   288
                  108
 54 |    1639 |        232 |      811 |       316 |                 1552 |                   304
                  135
 55 |    1567 |        217 |      876 |       337 |                 1459 |                   321
                  162
 56 |    1528 |        194 |      913 |       362 |                 1402 |                   340
                  189
 57 |    1480 |        176 |      948 |       392 |                 1337 |                   364
                  216
 58 |    1414 |        170 |      988 |       424 |                 1252 |                   392
                  243
 59 |    1358 |        176 |     1011 |       451 |                 1181 |                   410
                  270
 60 |    1303 |        187 |     1024 |       482 |                 1112 |                   436
                  297
 61 |    1244 |        192 |     1048 |       511 |                 1045 |                   456
                  324
 62 |    1185 |        186 |     1077 |       547 |                  970 |                   485
                  351
 63 |    1139 |        173 |     1102 |       581 |                  912 |                   512
                  378
 64 |    1104 |        152 |     1120 |       619 |                  871 |                   536
                  405
 65 |    1049 |        148 |     1136 |       662 |                  804 |                   572
                  432
 66 |     988 |        155 |     1157 |       695 |                  739 |                   593
                  459
 67 |     930 |        181 |     1154 |       730 |                  677 |                   614
                  486
 68 |     885 |        169 |     1177 |       764 |                  627 |                   635
                  513
 69 |     837 |        166 |     1197 |       794 |                  582 |                   648
                  540
 70 |     810 |        134 |     1215 |       835 |                  555 |                   675
                  567
 71 |     781 |        112 |     1211 |       890 |                  521 |                   716
                  594
 72 |     738 |        106 |     1212 |       937 |                  487 |                   744
                  621
 73 |     690 |        123 |     1191 |       989 |                  434 |                   780
                  648
 74 |     660 |        129 |     1162 |      1042 |                  402 |                   815
                  675
 75 |     619 |        126 |     1152 |      1096 |                  365 |                   851
                  702
 76 |     591 |        113 |     1142 |      1147 |                  341 |                   877
                  729
 77 |     568 |        101 |     1131 |      1192 |                  321 |                   900
                  756
 78 |     547 |         81 |     1110 |      1254 |                  300 |                   940
                  783
 79 |     512 |         85 |     1082 |      1313 |                  272 |                   978
                  810
 80 |     493 |         78 |     1057 |      1364 |                  253 |                  1007
                  837
 81 |     471 |         82 |     1019 |      1420 |                  237 |                  1039
                  864
 82 |     453 |         69 |      993 |      1477 |                  220 |                  1068
                  891
 83 |     442 |         55 |      971 |      1524 |                  204 |                  1093
                  918
 84 |     423 |         51 |      939 |      1579 |                  190 |                  1121
                  945
 85 |     415 |         43 |      901 |      1633 |                  182 |                  1146
                  972
 86 |     397 |         51 |      851 |      1693 |                  172 |                  1171
                  999
 87 |     385 |         42 |      811 |      1754 |                  164 |                  1204
                 1026
 88 |     370 |         46 |      768 |      1808 |                  156 |                  1233
                 1053
 89 |     358 |         44 |      731 |      1859 |                  151 |                  1251
                 1080
 90 |     345 |         44 |      700 |      1903 |                  140 |                  1263
                 1107
 91 |     336 |         36 |      665 |      1955 |                  137 |                  1281
                 1134
 92 |     328 |         30 |      618 |      2016 |                  133 |                  1305
                 1161
 93 |     318 |         30 |      580 |      2064 |                  129 |                  1318
                 1188
 94 |     309 |         29 |      548 |      2106 |                  118 |                  1328
                 1215
 95 |     301 |         29 |      518 |      2144 |                  111 |                  1336
                 1242
 96 |     295 |         24 |      486 |      2187 |                  106 |                  1344
                 1269
 97 |     286 |         24 |      463 |      2219 |                   94 |                  1342
                 1296
 98 |     280 |         23 |      436 |      2252 |                   85 |                  1349
                 1323
 99 |     277 |         19 |      404 |      2291 |                   82 |                  1353
                 1350
100 |     273 |         15 |      376 |      2327 |                   81 |                  1352
                 1377
101 |     271 |         10 |      359 |      2351 |                   79 |                  1344
                 1404
102 |     266 |         12 |      341 |      2372 |                   75 |                  1331
                 1431
103 |     262 |         11 |      316 |      2402 |                   71 |                  1326
                 1458
104 |     258 |         13 |      291 |      2428 |                   69 |                  1316
                 1485
105 |     255 |         12 |      268 |      2455 |                   68 |                  1308
                 1512
106 |     255 |          7 |      254 |      2474 |                   66 |                  1295
                 1539
107 |     253 |          6 |      232 |      2499 |                   61 |                  1286
                 1566
108 |     252 |          3 |      220 |      2515 |                   60 |                  1271
                 1593
109 |     249 |          6 |      203 |      2532 |                   58 |                  1257
                 1620
110 |     245 |          9 |      188 |      2548 |                   56 |                  1239
                 1645
111 |     243 |         10 |      175 |      2562 |                   54 |                  1224
                 1645
112 |     241 |         11 |      163 |      2575 |                   53 |                  1229
                 1645
113 |     240 |          6 |      155 |      2589 |                   53 |                  1237
                 1645
114 |     239 |          4 |      145 |      2602 |                   52 |                  1242
                 1645
115 |     238 |          5 |      131 |      2616 |                   52 |                  1249
                 1645
116 |     236 |          4 |      125 |      2625 |                   52 |                  1251
                 1645
117 |     234 |          5 |      113 |      2638 |                   50 |                  1255
                 1645
118 |     232 |          7 |      103 |      2648 |                   50 |                  1259
                 1645
119 |     231 |          6 |       98 |      2655 |                   50 |                  1260
                 1645
120 |     229 |          6 |       84 |      2671 |                   50 |                  1263
                 1645
121 |     227 |          6 |       79 |      2678 |                   50 |                  1264
                 1645
122 |     227 |          4 |       75 |      2684 |                   50 |                  1267
                 1645
123 |     224 |          5 |       71 |      2690 |                   49 |                  1269
                 1645
124 |     224 |          3 |       66 |      2697 |                   49 |                  1269
                 1645
125 |     223 |          4 |       61 |      2702 |                   49 |                  1272
                 1645
126 |     223 |          3 |       60 |      2704 |                   49 |                  1274
                 1645
127 |     222 |          2 |       56 |      2710 |                   49 |                  1279
                 1645
128 |     222 |          1 |       55 |      2712 |                   49 |                  1279
                 1645
129 |     222 |          1 |       48 |      2719 |                   49 |                  1282
                 1645
130 |     222 |          0 |       45 |      2723 |                   49 |                  1284
                 1645
131 |     220 |          2 |       41 |      2727 |                   49 |                  1284
                 1645
132 |     219 |          3 |       41 |      2727 |                   48 |                  1284
                 1645
133 |     219 |          3 |       39 |      2729 |                   48 |                  1284
                 1645
134 |     219 |          1 |       37 |      2733 |                   48 |                  1287
                 1645
135 |     218 |          1 |       34 |      2736 |                   47 |                  1289
                 1646
136 |     218 |          1 |       30 |      2740 |                   47 |                  1290
                 1646
137 |     218 |          1 |       29 |      2741 |                   47 |                  1290
                 1646
138 |     218 |          0 |       28 |      2743 |                   47 |                  1290
                 1646
139 |     218 |          0 |       26 |      2745 |                   47 |                  1291
                 1646
140 |     218 |          0 |       23 |      2748 |                   47 |                  1292
                 1646
141 |     218 |          0 |       19 |      2752 |                   47 |                  1294
                 1646
142 |     218 |          0 |       19 |      2752 |                   47 |                  1294
                 1646
143 |     218 |          0 |       16 |      2755 |                   47 |                  1294
                 1646
144 |     218 |          0 |       13 |      2758 |                   47 |                  1295
                 1646
145 |     218 |          0 |       12 |      2759 |                   47 |                  1295
                 1646
146 |     218 |          0 |       12 |      2759 |                   47 |                  1295
                 1646
147 |     218 |          0 |       11 |      2759 |                   47 |                  1295
                 1646
