REPORT VACCINO
==================

Simulazione: simulation_10000_3_365_-1_-1___20261006_172848
Popolazione iniziale di anziani: 3000

1. VACCINATION COVERAGE
Coverage target: 0.5500
Effettiva coverage finale: 0.5490
Totale di anziani vaccinati almeno una volta: 1647

2. TARGET COVERAGE DAY
Target coverage raggiunta: NO
Giorno atteso di fine campagna vaccinale: 147

3. VACCINAZIONI GIORNALIERE
Media vaccinazioni durante la campagna vaccinale: 16.81
Frazione media di anziani vaccinati durante la campagna: 0.0056 (0.56%)
Cap giornaliero: 0.0100 (1.00%)
Cap espresso in individui: 30

4. DURATA DEL VACCINO
Durata attesa: 210.00 days
Media delle durate assegnate: 210.02 days
Durata minima assegnata: 207 days
Durata massima assegnata: 214 days

5. STATO DEGLI ANZIANI DURANTE LA CAMPAGNA VACCINALE
Day | Healthy | Incubation | Infected | Recovered | Healthy unvaccinated | Recovered unvaccinated | Cumulative vaccinated
----|---------|------------|----------|-----------|----------------------|-----------------------
 50 |    1926 |        154 |      681 |       237 |                 1926 |                   237
                   27
 51 |    1855 |        181 |      704 |       258 |                 1833 |                   256
                   54
 52 |    1774 |        207 |      741 |       276 |                 1727 |                   272
                   81
 53 |    1708 |        227 |      763 |       300 |                 1642 |                   291
                  108
 54 |    1610 |        259 |      813 |       316 |                 1526 |                   305
                  135
 55 |    1544 |        245 |      868 |       341 |                 1440 |                   327
                  162
 56 |    1490 |        234 |      909 |       365 |                 1366 |                   348
                  189
 57 |    1437 |        191 |      973 |       397 |                 1298 |                   374
                  216
 58 |    1371 |        192 |     1007 |       428 |                 1214 |                   400
                  243
 59 |    1316 |        182 |     1042 |       458 |                 1147 |                   422
                  270
 60 |    1252 |        196 |     1061 |       489 |                 1070 |                   445
                  297
 61 |    1173 |        214 |     1083 |       528 |                  982 |                   478
                  324
 62 |    1100 |        221 |     1112 |       565 |                  901 |                   509
                  351
 63 |    1056 |        205 |     1139 |       598 |                  856 |                   528
                  378
 64 |    1017 |        172 |     1179 |       630 |                  806 |                   555
                  405
 65 |     960 |        158 |     1219 |       661 |                  741 |                   577
                  432
 66 |     901 |        164 |     1231 |       701 |                  677 |                   605
                  459
 67 |     856 |        170 |     1238 |       733 |                  631 |                   624
                  486
 68 |     817 |        155 |     1249 |       776 |                  586 |                   653
                  513
 69 |     770 |        144 |     1264 |       819 |                  542 |                   681
                  540
 70 |     742 |        123 |     1266 |       866 |                  509 |                   712
                  567
 71 |     718 |        108 |     1265 |       906 |                  483 |                   731
                  594
 72 |     675 |        108 |     1270 |       944 |                  437 |                   753
                  621
 73 |     644 |        105 |     1243 |      1004 |                  417 |                   790
                  648
 74 |     615 |        107 |     1213 |      1061 |                  387 |                   829
                  675
 75 |     569 |        117 |     1197 |      1113 |                  347 |                   859
                  702
 76 |     530 |        117 |     1186 |      1163 |                  317 |                   883
                  729
 77 |     511 |        110 |     1147 |      1228 |                  308 |                   919
                  756
 78 |     486 |         87 |     1143 |      1280 |                  286 |                   950
                  783
 79 |     453 |         82 |     1119 |      1341 |                  260 |                   988
                  810
 80 |     433 |         85 |     1082 |      1394 |                  240 |                  1012
                  837
 81 |     415 |         74 |     1055 |      1450 |                  224 |                  1045
                  864
 82 |     402 |         61 |     1019 |      1512 |                  212 |                  1077
                  891
 83 |     387 |         47 |      990 |      1570 |                  193 |                  1111
                  918
 84 |     376 |         44 |      939 |      1635 |                  180 |                  1148
                  945
 85 |     363 |         44 |      897 |      1690 |                  168 |                  1177
                  972
 86 |     344 |         45 |      873 |      1732 |                  156 |                  1194
                  999
 87 |     333 |         45 |      825 |      1791 |                  146 |                  1222
                 1026
 88 |     324 |         40 |      790 |      1840 |                  136 |                  1240
                 1053
 89 |     315 |         34 |      753 |      1892 |                  132 |                  1257
                 1080
 90 |     310 |         25 |      713 |      1946 |                  129 |                  1275
                 1107
 91 |     306 |         21 |      680 |      1987 |                  129 |                  1281
                 1134
 92 |     303 |         13 |      639 |      2039 |                  122 |                  1297
                 1161
 93 |     298 |         14 |      601 |      2081 |                  117 |                  1304
                 1188
 94 |     296 |         12 |      564 |      2122 |                  114 |                  1315
                 1215
 95 |     288 |         16 |      526 |      2164 |                  105 |                  1328
                 1242
 96 |     284 |         17 |      498 |      2195 |                  101 |                  1325
                 1269
 97 |     280 |         17 |      463 |      2234 |                   98 |                  1330
                 1296
 98 |     276 |         12 |      425 |      2281 |                   95 |                  1334
                 1323
 99 |     270 |         15 |      386 |      2323 |                   91 |                  1343
                 1350
100 |     266 |         15 |      357 |      2355 |                   87 |                  1337
                 1377
101 |     259 |         17 |      318 |      2399 |                   81 |                  1345
                 1404
102 |     254 |         18 |      294 |      2427 |                   77 |                  1343
                 1431
103 |     252 |         14 |      278 |      2449 |                   77 |                  1329
                 1458
104 |     247 |         16 |      262 |      2468 |                   75 |                  1318
                 1485
105 |     244 |         10 |      245 |      2494 |                   71 |                  1306
                 1512
106 |     243 |          9 |      225 |      2516 |                   70 |                  1291
                 1539
107 |     240 |          8 |      215 |      2530 |                   66 |                  1276
                 1566
108 |     239 |          6 |      197 |      2551 |                   65 |                  1263
                 1593
109 |     238 |          5 |      178 |      2572 |                   62 |                  1249
                 1620
110 |     237 |          3 |      169 |      2584 |                   58 |                  1233
                 1646
111 |     235 |          4 |      152 |      2602 |                   55 |                  1221
                 1647
112 |     233 |          5 |      146 |      2609 |                   55 |                  1224
                 1647
113 |     232 |          5 |      132 |      2624 |                   54 |                  1230
                 1647
114 |     231 |          4 |      120 |      2638 |                   54 |                  1237
                 1647
115 |     231 |          4 |      103 |      2655 |                   54 |                  1249
                 1647
116 |     231 |          1 |       93 |      2668 |                   54 |                  1256
                 1647
117 |     231 |          0 |       88 |      2674 |                   54 |                  1260
                 1647
118 |     228 |          3 |       80 |      2682 |                   53 |                  1263
                 1647
119 |     228 |          3 |       74 |      2688 |                   53 |                  1268
                 1647
120 |     227 |          4 |       68 |      2694 |                   53 |                  1272
                 1647
121 |     226 |          3 |       64 |      2700 |                   53 |                  1274
                 1647
122 |     226 |          2 |       60 |      2705 |                   53 |                  1276
                 1647
123 |     225 |          2 |       57 |      2709 |                   53 |                  1277
                 1647
124 |     225 |          1 |       55 |      2712 |                   53 |                  1277
                 1647
125 |     224 |          2 |       49 |      2718 |                   53 |                  1278
                 1647
126 |     224 |          1 |       47 |      2721 |                   53 |                  1279
                 1647
127 |     223 |          2 |       45 |      2723 |                   52 |                  1281
                 1647
128 |     222 |          2 |       39 |      2730 |                   52 |                  1282
                 1647
129 |     222 |          2 |       30 |      2739 |                   52 |                  1286
                 1647
130 |     222 |          2 |       29 |      2740 |                   52 |                  1286
                 1647
131 |     222 |          0 |       29 |      2742 |                   52 |                  1287
                 1647
132 |     221 |          1 |       24 |      2747 |                   52 |                  1288
                 1647
133 |     221 |          1 |       20 |      2751 |                   52 |                  1290
                 1647
134 |     221 |          1 |       18 |      2753 |                   52 |                  1291
                 1647
135 |     221 |          0 |       18 |      2754 |                   52 |                  1291
                 1647
136 |     221 |          0 |       16 |      2756 |                   52 |                  1291
                 1647
137 |     221 |          0 |       14 |      2758 |                   52 |                  1291
                 1647
138 |     221 |          0 |       12 |      2760 |                   52 |                  1291
                 1647
139 |     221 |          0 |       12 |      2760 |                   52 |                  1291
                 1647
140 |     221 |          0 |       10 |      2762 |                   52 |                  1292
                 1647
141 |     221 |          0 |       10 |      2762 |                   52 |                  1292
                 1647
142 |     221 |          0 |        9 |      2763 |                   52 |                  1293
                 1647
143 |     221 |          0 |        9 |      2763 |                   52 |                  1293
                 1647
144 |     221 |          0 |        7 |      2765 |                   52 |                  1294
                 1647
145 |     221 |          0 |        6 |      2766 |                   52 |                  1294
                 1647
146 |     221 |          0 |        6 |      2766 |                   52 |                  1294
                 1647
147 |     221 |          0 |        6 |      2766 |                   52 |                  1294
                 1647
