REPORT VACCINO
==================

Simulazione: simulation_10000_3_365_-1_-1___20261009_125239
Popolazione iniziale di anziani: 3000

1. VACCINATION COVERAGE
Coverage target: 0.5500
Effettiva coverage finale: 0.5493
Totale di anziani vaccinati almeno una volta: 1648

2. TARGET COVERAGE DAY
Target coverage raggiunta: NO
Giorno atteso di fine campagna vaccinale: 147

3. VACCINAZIONI GIORNALIERE
Media vaccinazioni durante la campagna vaccinale: 16.82
Frazione media di anziani vaccinati durante la campagna: 0.0056 (0.56%)
Cap giornaliero: 0.0100 (1.00%)
Cap espresso in individui: 30

4. DURATA DEL VACCINO
Durata attesa: 210.00 giorni
Media delle durate assegnate: 210.16 giorni
Durata minima assegnata: 121 giorni
Durata massima assegnata: 318 giorni

5. STATO DEGLI ANZIANI DURANTE LA CAMPAGNA VACCINALE
Giorno | Healthy | Incubation | Infected | Recovered | Healthy non vaccinati | Recovered non vaccinati | Vaccinati cumulativi
----|---------|------------|----------|-----------|----------------------|-----------------------
 50 |    1926 |        154 |      681 |       237 |                 1926 |                   237 |                   27
 51 |    1855 |        181 |      704 |       258 |                 1833 |                   256 |                   54
 52 |    1774 |        207 |      741 |       276 |                 1727 |                   272 |                   81
 53 |    1708 |        227 |      763 |       300 |                 1642 |                   291 |                  108
 54 |    1610 |        259 |      813 |       316 |                 1526 |                   305 |                  135
 55 |    1544 |        245 |      868 |       341 |                 1440 |                   327 |                  162
 56 |    1490 |        234 |      909 |       365 |                 1366 |                   348 |                  189
 57 |    1437 |        191 |      973 |       397 |                 1298 |                   374 |                  216
 58 |    1371 |        192 |     1007 |       428 |                 1214 |                   400 |                  243
 59 |    1316 |        182 |     1042 |       458 |                 1147 |                   422 |                  270
 60 |    1252 |        196 |     1061 |       489 |                 1070 |                   445 |                  297
 61 |    1173 |        214 |     1083 |       528 |                  982 |                   478 |                  324
 62 |    1100 |        221 |     1112 |       565 |                  901 |                   509 |                  351
 63 |    1056 |        205 |     1139 |       598 |                  856 |                   528 |                  378
 64 |    1017 |        172 |     1179 |       630 |                  806 |                   555 |                  405
 65 |     960 |        158 |     1219 |       661 |                  741 |                   577 |                  432
 66 |     901 |        164 |     1231 |       701 |                  677 |                   605 |                  459
 67 |     856 |        170 |     1238 |       733 |                  631 |                   624 |                  486
 68 |     817 |        155 |     1249 |       776 |                  586 |                   653 |                  513
 69 |     770 |        144 |     1264 |       819 |                  542 |                   681 |                  540
 70 |     741 |        124 |     1269 |       863 |                  507 |                   709 |                  567
 71 |     714 |        108 |     1267 |       908 |                  476 |                   735 |                  594
 72 |     670 |        111 |     1273 |       943 |                  435 |                   751 |                  621
 73 |     635 |        114 |     1253 |       995 |                  402 |                   784 |                  648
 74 |     598 |        123 |     1213 |      1063 |                  371 |                   828 |                  675
 75 |     562 |        107 |     1210 |      1118 |                  338 |                   862 |                  702
 76 |     525 |        116 |     1199 |      1157 |                  304 |                   880 |                  729
 77 |     503 |         98 |     1192 |      1204 |                  284 |                   902 |                  756
 78 |     482 |         87 |     1170 |      1258 |                  259 |                   935 |                  783
 79 |     449 |         83 |     1140 |      1325 |                  234 |                   975 |                  810
 80 |     432 |         74 |     1106 |      1385 |                  218 |                  1011 |                  837
 81 |     413 |         76 |     1076 |      1431 |                  207 |                  1028 |                  864
 82 |     386 |         67 |     1044 |      1499 |                  187 |                  1066 |                  891
 83 |     365 |         72 |     1010 |      1549 |                  173 |                  1088 |                  918
 84 |     346 |         72 |      973 |      1605 |                  157 |                  1118 |                  945
 85 |     337 |         54 |      941 |      1664 |                  152 |                  1148 |                  972
 86 |     322 |         48 |      895 |      1731 |                  143 |                  1183 |                  999
 87 |     315 |         35 |      846 |      1800 |                  138 |                  1215 |                 1026
 88 |     302 |         36 |      810 |      1848 |                  132 |                  1230 |                 1053
 89 |     292 |         33 |      775 |      1896 |                  124 |                  1247 |                 1080
 90 |     279 |         39 |      718 |      1960 |                  114 |                  1276 |                 1107
 91 |     274 |         32 |      689 |      2001 |                  112 |                  1289 |                 1134
 92 |     270 |         23 |      655 |      2047 |                  109 |                  1301 |                 1161
 93 |     263 |         19 |      623 |      2090 |                  103 |                  1311 |                 1188
 94 |     259 |         17 |      590 |      2129 |                   98 |                  1316 |                 1215
 95 |     257 |         13 |      555 |      2170 |                   97 |                  1321 |                 1242
 96 |     253 |         12 |      506 |      2224 |                   94 |                  1338 |                 1269
 97 |     248 |         11 |      466 |      2270 |                   90 |                  1346 |                 1296
 98 |     244 |         14 |      424 |      2313 |                   87 |                  1351 |                 1323
 99 |     241 |         12 |      406 |      2335 |                   85 |                  1341 |                 1350
100 |     232 |         18 |      379 |      2365 |                   79 |                  1338 |                 1377
101 |     231 |         13 |      356 |      2394 |                   78 |                  1333 |                 1404
102 |     228 |         13 |      333 |      2420 |                   76 |                  1322 |                 1431
103 |     224 |          9 |      314 |      2447 |                   74 |                  1316 |                 1458
104 |     221 |         10 |      288 |      2475 |                   72 |                  1302 |                 1485
105 |     220 |          8 |      265 |      2501 |                   68 |                  1293 |                 1512
106 |     218 |          7 |      249 |      2520 |                   65 |                  1279 |                 1539
107 |     216 |          6 |      220 |      2552 |                   61 |                  1275 |                 1566
108 |     214 |          6 |      193 |      2581 |                   59 |                  1263 |                 1593
109 |     214 |          4 |      176 |      2600 |                   57 |                  1246 |                 1620
110 |     213 |          3 |      163 |      2615 |                   55 |                  1230 |                 1646
111 |     211 |          3 |      148 |      2632 |                   53 |                  1216 |                 1648
112 |     211 |          3 |      137 |      2643 |                   53 |                  1220 |                 1648
113 |     211 |          2 |      124 |      2657 |                   53 |                  1229 |                 1648
114 |     211 |          0 |      113 |      2670 |                   53 |                  1240 |                 1648
115 |     211 |          0 |      101 |      2682 |                   53 |                  1248 |                 1648
116 |     211 |          0 |       88 |      2695 |                   53 |                  1251 |                 1648
117 |     211 |          0 |       81 |      2702 |                   53 |                  1255 |                 1648
118 |     210 |          1 |       70 |      2713 |                   52 |                  1261 |                 1648
119 |     210 |          1 |       61 |      2722 |                   52 |                  1265 |                 1648
120 |     209 |          2 |       60 |      2723 |                   52 |                  1266 |                 1648
121 |     208 |          3 |       56 |      2727 |                   52 |                  1268 |                 1648
122 |     208 |          2 |       51 |      2733 |                   52 |                  1271 |                 1648
123 |     208 |          1 |       50 |      2735 |                   52 |                  1271 |                 1648
124 |     208 |          0 |       44 |      2742 |                   52 |                  1275 |                 1648
125 |     208 |          0 |       40 |      2746 |                   52 |                  1278 |                 1648
126 |     207 |          1 |       39 |      2747 |                   52 |                  1279 |                 1648
127 |     207 |          1 |       34 |      2752 |                   52 |                  1282 |                 1648
128 |     207 |          1 |       32 |      2754 |                   52 |                  1283 |                 1648
129 |     207 |          0 |       27 |      2760 |                   52 |                  1286 |                 1648
130 |     207 |          0 |       27 |      2760 |                   52 |                  1286 |                 1648
131 |     207 |          0 |       24 |      2763 |                   52 |                  1287 |                 1648
132 |     207 |          0 |       20 |      2767 |                   52 |                  1290 |                 1648
133 |     207 |          0 |       19 |      2768 |                   52 |                  1290 |                 1648
134 |     207 |          0 |       17 |      2770 |                   52 |                  1291 |                 1648
135 |     207 |          0 |       15 |      2772 |                   52 |                  1291 |                 1648
136 |     207 |          0 |       13 |      2774 |                   52 |                  1293 |                 1648
137 |     206 |          1 |       11 |      2776 |                   52 |                  1294 |                 1648
138 |     206 |          1 |       10 |      2777 |                   52 |                  1294 |                 1648
139 |     206 |          1 |       10 |      2777 |                   52 |                  1294 |                 1648
140 |     206 |          1 |        8 |      2779 |                   52 |                  1294 |                 1648
141 |     206 |          0 |        8 |      2780 |                   52 |                  1294 |                 1648
142 |     206 |          0 |        7 |      2781 |                   52 |                  1294 |                 1648
143 |     206 |          0 |        6 |      2782 |                   52 |                  1294 |                 1648
144 |     206 |          0 |        6 |      2782 |                   52 |                  1294 |                 1648
145 |     206 |          0 |        5 |      2783 |                   52 |                  1295 |                 1648
146 |     206 |          0 |        4 |      2784 |                   52 |                  1295 |                 1648
147 |     206 |          0 |        3 |      2785 |                   52 |                  1295 |                 1648
