VACCINATION REPORT
==================

Simulation: simulation_10000_3_365_-1_-1___20261005_160533
Initial elderly population: 3000

1. VACCINATION COVERAGE
Expected target coverage: 0.5500
Final cumulative coverage: 0.5487
Total elderly vaccinated at least once: 1646

2. TARGET COVERAGE DAY
Target coverage reached: NO
Expected campaign end day: 147

3. DAILY VACCINATIONS
Mean vaccinations per campaign day: 19.60
Mean fraction of elderly vaccinated per campaign day: 0.0065 (0.65%)
Configured daily cap fraction: 0.0100 (1.00%)
Theoretical daily cap in individuals: 30

4. VACCINE DURATION
Configured mean duration: 210.00 days
Observed mean assigned duration: 210.06 days
Minimum assigned duration: 207 days
Maximum assigned duration: 214 days

5. ELDERLY STATUS DURING VACCINATION CAMPAIGN
Day | Healthy | Incubation | Infected | Recovered | Healthy unvaccinated | Recovered unvaccinated | Cumulative vaccinated
----|---------|------------|----------|-----------|----------------------|-----------------------
 64 |    1067 |        154 |     1177 |       598 |                 1067 |                   598
                   27
 65 |    1009 |        155 |     1202 |       630 |                  992 |                   621
                   54
 66 |     963 |        149 |     1212 |       672 |                  929 |                   656
                   81
 67 |     910 |        166 |     1207 |       713 |                  861 |                   686
                  108
 68 |     856 |        160 |     1225 |       755 |                  794 |                   719
                  135
 69 |     809 |        163 |     1227 |       797 |                  737 |                   750
                  162
 70 |     781 |        140 |     1226 |       849 |                  700 |                   787
                  189
 71 |     751 |        115 |     1237 |       893 |                  656 |                   822
                  216
 72 |     701 |        113 |     1218 |       964 |                  599 |                   878
                  243
 73 |     665 |        123 |     1195 |      1013 |                  558 |                   911
                  270
 74 |     627 |        131 |     1172 |      1066 |                  514 |                   949
                  297
 75 |     598 |        120 |     1159 |      1119 |                  483 |                   983
                  324
 76 |     573 |         97 |     1141 |      1185 |                  454 |                  1031
                  351
 77 |     554 |         77 |     1123 |      1241 |                  428 |                  1070
                  378
 78 |     533 |         70 |     1092 |      1300 |                  405 |                  1110
                  405
 79 |     518 |         59 |     1069 |      1349 |                  387 |                  1142
                  432
 80 |     488 |         69 |     1025 |      1412 |                  357 |                  1185
                  459
 81 |     469 |         73 |      989 |      1462 |                  336 |                  1213
                  486
 82 |     446 |         76 |      958 |      1513 |                  312 |                  1244
                  513
 83 |     430 |         71 |      918 |      1574 |                  296 |                  1285
                  540
 84 |     412 |         63 |      881 |      1637 |                  271 |                  1327
                  567
 85 |     401 |         52 |      857 |      1683 |                  260 |                  1351
                  594
 86 |     393 |         41 |      837 |      1722 |                  247 |                  1370
                  621
 87 |     383 |         32 |      805 |      1773 |                  238 |                  1395
                  648
 88 |     370 |         31 |      764 |      1828 |                  222 |                  1427
                  675
 89 |     361 |         34 |      734 |      1864 |                  210 |                  1437
                  702
 90 |     345 |         43 |      697 |      1908 |                  196 |                  1459
                  729
 91 |     333 |         37 |      670 |      1953 |                  183 |                  1480
                  756
 92 |     330 |         32 |      638 |      1993 |                  176 |                  1497
                  783
 93 |     325 |         26 |      596 |      2045 |                  171 |                  1522
                  810
 94 |     313 |         23 |      560 |      2096 |                  158 |                  1541
                  837
 95 |     308 |         23 |      525 |      2136 |                  151 |                  1556
                  864
 96 |     301 |         26 |      492 |      2173 |                  146 |                  1565
                  891
 97 |     294 |         23 |      456 |      2219 |                  139 |                  1581
                  918
 98 |     287 |         23 |      426 |      2256 |                  133 |                  1587
                  945
 99 |     283 |         19 |      390 |      2300 |                  130 |                  1604
                  972
100 |     277 |         21 |      367 |      2327 |                  123 |                  1606
                  999
101 |     274 |         14 |      351 |      2353 |                  121 |                  1606
                 1026
102 |     271 |         14 |      331 |      2376 |                  118 |                  1600
                 1053
103 |     271 |          7 |      307 |      2407 |                  117 |                  1599
                 1080
104 |     270 |          4 |      287 |      2431 |                  115 |                  1596
                 1107
105 |     265 |          6 |      264 |      2457 |                  110 |                  1590
                 1134
106 |     263 |          8 |      241 |      2480 |                  109 |                  1582
                 1161
107 |     262 |          8 |      223 |      2499 |                  108 |                  1571
                 1188
108 |     260 |          6 |      209 |      2517 |                  106 |                  1557
                 1215
109 |     258 |          6 |      194 |      2534 |                  104 |                  1542
                 1242
110 |     255 |          8 |      180 |      2549 |                  102 |                  1527
                 1269
111 |     253 |          7 |      166 |      2566 |                   99 |                  1516
                 1296
112 |     253 |          5 |      152 |      2582 |                   95 |                  1505
                 1323
113 |     251 |          3 |      141 |      2597 |                   93 |                  1489
                 1350
114 |     250 |          3 |      126 |      2613 |                   91 |                  1475
                 1377
115 |     248 |          5 |      116 |      2623 |                   89 |                  1455
                 1404
116 |     247 |          4 |      108 |      2633 |                   89 |                  1432
                 1431
117 |     245 |          5 |      102 |      2640 |                   87 |                  1411
                 1458
118 |     244 |          4 |       94 |      2650 |                   83 |                  1391
                 1485
119 |     244 |          3 |       85 |      2660 |                   81 |                  1373
                 1512
120 |     243 |          2 |       76 |      2671 |                   78 |                  1355
                 1539
121 |     243 |          1 |       66 |      2682 |                   75 |                  1338
                 1566
122 |     241 |          3 |       60 |      2688 |                   73 |                  1314
                 1593
123 |     240 |          4 |       56 |      2692 |                   69 |                  1291
                 1620
124 |     240 |          3 |       51 |      2697 |                   68 |                  1268
                 1646
125 |     239 |          2 |       46 |      2704 |                   65 |                  1250
                 1646
126 |     239 |          1 |       45 |      2706 |                   65 |                  1251
                 1646
127 |     239 |          1 |       41 |      2710 |                   65 |                  1255
                 1646
128 |     239 |          1 |       38 |      2713 |                   65 |                  1258
                 1646
129 |     238 |          1 |       33 |      2719 |                   65 |                  1263
                 1646
130 |     237 |          2 |       28 |      2724 |                   65 |                  1266
                 1646
131 |     237 |          2 |       25 |      2727 |                   65 |                  1269
                 1646
132 |     237 |          1 |       26 |      2727 |                   65 |                  1269
                 1646
133 |     237 |          0 |       24 |      2730 |                   65 |                  1271
                 1646
134 |     237 |          0 |       23 |      2731 |                   65 |                  1271
                 1646
135 |     237 |          0 |       23 |      2731 |                   65 |                  1271
                 1646
136 |     237 |          0 |       17 |      2737 |                   65 |                  1273
                 1646
137 |     237 |          0 |       16 |      2738 |                   65 |                  1273
                 1646
138 |     237 |          0 |       16 |      2738 |                   65 |                  1273
                 1646
139 |     237 |          0 |       15 |      2739 |                   65 |                  1273
                 1646
140 |     237 |          0 |       13 |      2741 |                   65 |                  1274
                 1646
141 |     237 |          0 |       12 |      2742 |                   65 |                  1275
                 1646
142 |     237 |          0 |       12 |      2742 |                   65 |                  1275
                 1646
143 |     236 |          1 |       11 |      2743 |                   65 |                  1276
                 1646
144 |     235 |          2 |       10 |      2744 |                   64 |                  1277
                 1646
145 |     235 |          2 |        7 |      2747 |                   64 |                  1279
                 1646
146 |     235 |          1 |        7 |      2748 |                   64 |                  1280
                 1646
147 |     235 |          0 |        8 |      2748 |                   64 |                  1280
                 1646
